Resp charges for organic molecule
 
 &cntrl
 
 nmol = 1,
 ihfree = 1,
 ioutopt = 1,
 iqopt = 2,
 qwt = 0.00100,
 
 &end
    1.0
Resp charges for organic molecule
    4   53
    7  -99
    6  -99
    6  -99
    8  -99
    6  -99
   16  -99
    7  -99
    6    0
    1    0
    1    9
    6  -99
    6  -99
    6  -99
    6  -99
    6  -99
    6  -99
    6  -99
    6  -99
    6  -99
    6  -99
    6  -99
    6  -99
    8  -99
    8  -99
    6  -99
    6  -99
    6  -99
    6  -99
    6  -99
    6  -99
    6  -99
    6  -99
    6  -99
    6  -99
    6  -99
    6  -99
    6  -99
    6  -99
    6  -99
    6  -99
    6  -99
    6  -99
    6  -99
    6  -99
    6  -99
    6  -99
    8  -99
    8  -99
    7  -99
    7  -99
    7  -99
    7  -99
   26  -99
    4   0.00000
    1    7    1    8    1    9    1   10 




